516 1640 6
612 1648 3
1018 2461 5
1060 1634 9
1111 2453 4
1145 1637 8
1199 2456 3
1270 1752 7
1284 2461 2
1316 1634 5
1471 2462 8
1561 2462 7
1618 2455 6
2074 1749 4
2165 2438 9
2206 1626 9
2235 5862 1
2297 1634 2
2412 1749 4
2688 5683 9
3323 1618 3
3422 1618 5
3427 3128 20
3603 1618 7
3606 3142 17
3633 1509 4
3691 1616 4
3742 2432 22
3782 1621 9
3782 3131 22
3812 1506 4
3872 1152 0
3872 1618 8
3958 1616 2
4131 3801 22
4411 3128 26
4414 733 19
4414 1613 2
4501 736 17
4501 3129 24
4504 1618 5
4589 1616 3
4592 736 18
4592 3128 25
4683 730 20
4683 1610 4
4683 3126 27
4710 1734 7
4715 1498 7
4765 1616 8
4768 3126 28
4853 736 22
4859 3126 29
5490 1614 7
5666 1613 8
5699 1728 7
5790 1730 4
5856 3131 3
7015 1592 4
7045 1493 7
